
216671140742406476953465018828
357808571101378507110114527623
028596972136418240510226443961
657920260143528808890967639347
774906484272810078333137613166
574759584991650137034822025151
488912135109448325976620005871
523851820499623356480928367572
949128607091167599195925041089
089894257989809968995985103352
165028156230226435517216919955
162286714604033223689853854520
563283995794671373660901992880
169753474994363117691841199436
816041377495100116219840364907
165752518547067025810457185190
060731839700895983272972113753
198222885738988682397562928816
887918017207519020986239380211
114297251121999102021146415497
715622280696197714853434975074
881539597690363982212868553949
251514414435912233029009960932
841997279959511835195354959319
097549201051493361525220926601
203025579550895032590884588454
854922126887036643887220093991
986642692854579992183407839346
562392600612879820477505646743
075074208994246787694137308876