
746011104476300430619613812562
736019766892958310076621693186
906000635934558530402968231211
569806655386214543785093511044
701701614566578447253707796428
578395899862892361189340796414
134931477472930888404415283495
281537942563593593195306984049
290103165815330355928704919775
520918623962191355038337660140
698129959737801304610258441154
660692627179400382231605779267
978688468412813940373233734062
081535417157573227373785452565
367417152363142674380621653919
321844658697786973940546412300
266570864790734218859271888276
012710836053628701421144447162
990018843420616122212378100216
601625174821438399483472757043
326760067705581070281508803277
264755529284686500876171127400
776386420940578274711366291948
369596246770669483534900525071
116767966414311224108763400633
071711310997541489535198233990
102939336249837404784989975928
220223846868246793394314470596
044446123364596856586418652845
547707822370180719875591754912