
692337700752987442661968290831
163511131230201355748969683668
514244511902495718856987116763
220892510819579690615583826507
461347323425271726415786018257
769358424088349275865608673649
466324101462911063956565846439
134191711935407361755330157586
510423467981849286270067586093
713543355630234230994728470628
528573082328255764684827452039
467256112367876489486383106225
695814178461843128085914202709
025767942624480445806898569048
713458091336987105717527918524
947223491921794416727881971175
335137613875990028823713034438
923971170496591702004670714645
499179533823622111116984371645
047424070198860049682238482217
544043973101259210189168389362
832210429243791524903853609462
502746686686917259907276706524
720992294423321707641387459251
873715509140633604975168955793
838153505538677737059025531778
659389537917003725818629575786
251484583062733210734039328903
807654739086256100440123277852
576914164243543950153891979552