
144602914747398847121223232391
740355863267663278117564951334
789116914454062231512038126716
239012208990251978104179642681
375441813812580621171534695092
248217249440392233835735812446
495106959597380371367859796963
744535478780768873319527351121
474754540836960274444664793455
873727024116692872015091706086
818033723621611379080540287298
409585121317457209886254192158
702443688240504479341597358805
336601603544129146993984431318
879488797145605222155249627722
112837241717678273175826225650
924339766804158291806721055202
202498099465491834991228196409
483860251962940960625423845503
853586576339611290433695737778
798307279454932140237578850114
839000662378477924145249918409
848770788604882476664718823630
037697995433612373320338436350
209074693519614545059521291994
084529212173688491985751186524
432356886231058929670487174109
720091787847204603113396741530
873969350274517580881503031403
727180704319877149932179020337