
469982771012345678901234567801
234567821725080278836027661288
774773745433841197437330255663
525998410609688561198923559421
939206040012347890123789012347
897303187640268328120710445806
231518594075883892625317391996
039281435292589501245601234567
123451045663442810649723392093
391523778402402478070693286057
510816729795862628175011384918
689012345678901234789017899898
417733766619017632171391768414
369614472440123456789012345690
123478135177214834439741235916
010028711404736803740692658690
406192095137693022012345678901
234567890123456789217250802788
306027661288774773745433845411
974373302556315259984106096885
611989235594219491392060406012
345678901234567890123456789380
710755690100834315009534937692
457264949412258132943822128651
672139387570748850663769948410
660123456789012345678901234567
897404017951428943782443369958
670682639328617488903390529410
375877829712642523665002816104
316190145678912345670123456789