
192668742970210360123456789012
345678901234567898659702343851
523012132653072746405998953174
765400662063774439289609538871
404852390191517486216880123478
901234678901234789145330954308
467077169136238238958871711034
264742742927921065348596906308
160012345670123478901234725164
399097164362098657001743241376
477798438283580547131796209173
391643982186415565012345678901
234567890123456789697023438513
012132072640599895317470066637
428987140485239019151761216801
234567890123456780123567810456
634428106497292093391523167378
402402478070693248605751081672
979565262817557350113849451868
901234567890123456789012345678
935329321455232139721289188781
006778750615746125079903448418
659000371646045413863995937856
476220940123456789012345678901
234567896426475547293938209560
106535380034153083062781713854
209767416267198069499623719225
378012347890123478901789892613
548264345920394973874498582662
313273190113507815146004916690