
939229218329684012845278113035
703193631773084826529739099642
972116747596821445761325993611
469721514638110316849073029066
636772860830298325388001951396
014171237974993928271809101779
699921613571976457669963629812
255237210104528283517811297840
307884778584981380317955165749
354712081607347396086487793869
723402183557246728308789084458
566309376893495891288681379011
470817457121139621280766937052
805438466279513243619447654199
278013613411156070723252294981
216127800082292279927513494185
628312849937077232403998410609
686119892355942194396040601234
789012347890123456789834786340
971938473091454620621111724752
945842970075117666822774024218
961059698030839630123456701234
567890123456785487477398831582
742154558644418755189136332269
965533816568197683747090037930
201010401047962622990123456789
012345678901234567898056608023
794719171400417571333169743025
260894354815906436338147572200
177959896882361298952624846501