
761101234723456701278639719396
172445700166827724216106983963
012345678901234567890123456789
168990124437444038758217538525
116213864262550280681791926766
874921330558037970279178035360
123456789012345678901234789642
647892939300104263530341530830
617809267196949967125378012456
789013456780134789755199710059
717223683200617586294887108775
853461155072364124154204861902
569363601234567890123456789012
356781095751869041938447019287
825960655333981106100621132778
878460207036871599372494362253
255941720123456789012345678901
234567891012753440069665723449
140795723144099618337398847762
198788722393355079565141128261
501234567890123456789012345678
806002379471917140017571333169
713026089435481590663814752001
789688236129520123456789012345
678901234567897461409937847585
322058603810304749295717166562
876499537430466113210012347890
123456780123478908395526841712
356911121207758298673468704277
543428151023357068639982771017