
840072438663263301478031901912
701382927655998291323431909368
701058277012345678901234567890
123456789174815657286338654091
729151322306437690481406126922
355107796294702340088851374988
909890265674754135312345612346
012456781724141496845378433567
061687015085015842397691906712
392455375318223029497027499259
838670012345678901234567890123
456789007265537866664388301905
419127013829274265599115768294
319093687010582770123456789012
345890123456789212139985370775
799470341581484186646055335725
969262120838308749509700460916
276835218386102140123456789012
345678901234567897647623487869
832284856502011296821065297539
371838195501198260450318675993
031440490123567801235678901235
678997090158809327846104942050
169329160118776360724170671258
182876871629301234567890123456
789012345678989570316841564278
134347205019232355784997119078
348638096210106238907234552854
666791821534794000123456789012
345678901234569013151249246801