
567890123456789012345678974209
015880278446104539420501329160
118047763607354241835670671258
193828767146293012345670123450
128914095080771129367238129887
171103426474274910685553597485
969303891816001234567890123456
789012345678935329321455232139
721289188781007787506157461250
799038448186590003716426604541
386399593785647622094012345678
901235601234568713280759960941
321238326568274818053941921967
904617387296583905716109334406
254234600201456789012345678012
345678987137528075990911588632
183265674105319219604617387296
583571610962542344600201234567
890123456789012345678986506894
195304891405521540760170689517
986081771323142007846493847256
369632246902551339787225798213
130123456789012345678901234567
891265307041436723121296013027
576291906060206158430154485757
834885297138107596947799344386
201234567890123456789012345678
908395526849171235969111295681
207758298904671345603687042747
543428151202564300033570648863