
721041495906901597349665407401
313472712117423512446355604195
789374643070291732977627847361
369314176960549921948739744492
547679058566578101646731718202
995515603446546545144723271818
185089250111090316423611139529
459390365572271284173388792241
598723044241957728268577918180
301994182129759264158292040028
471240274330031965259293042071
121533978656138105131556185179
462250656372088541140337616219
286195254428382450317757971921
429204914818459883760030266493
332391268056663882758961841259
197540899105237894063952131365
742263265489713038319344642182
548840023277087447969098046063
548339333780821706543809638099
686857860240223197510846267932
982292735918020521376712580372
409186774349195173976913783367
285851144310770794485540821084
504061732672693146254206217341
054311749948402451164719424155
383145689415380325128344088331
735963261360721714242179611248
177480731310770355276692835225
608292888874930663213229300578